2617
4574
68927
76348
294577
373170
455457
476161
1433342
1720126
2183659
2757791
2808153
2881826
4147009
4887623
5060661
5400263
5592362
6076624
6437474
6506792
6627223
6644683
7147638
7148238
7466442
8089547
8729884
9297827
9597899
9625433
10575203
10653558
10963895
11176561
11344503
13017918
13094642
13397022
13563299
13652931
14477924
14507196
16409252
16521271
16722703
17176288
17377690
17474311
18216993
18573994
19208798
19846384
20386334
20453322
20720185
21343614
22486789
22505982
22757430
23143588
23799887
23977552
25802046
25888794
26554563
26884310
28079780
28280276
29355166
30506045
30516373
30542028
30903990
32405774
33545305
38068582
38717867
40810266
42945038
44030138
44200056
44515003
44652859
44932437
46079811
46959026
47693986
48085356
50447568
51053554
52137613
52198252
52809441
53635690
54270904
54406526
54574863
54845515
59791919
61650562
63335280
63349071
63590999
67562946
68534410
72140877
72267281
73141671
74251569
74602211
79201190
79664613
81040674
81297005
82029701
82177379
82829651
83132571
85696004
87741587
88809814
90114682
91268742
92031703
92393529
92812142
93808169
93944667
94432125
95461008
96370532
96831258
99232302
99545362
100117529
104916144
105022081
105909298
106563475
108588174
109358130
114202649
116514592
117160088
118616259
122836932
124340286
125336201
130179531
132705731
133310945
136467859
136746949
137661938
137761692
137804295
140223263
141958279
143017565
143897004
144234681
144442993
144752982
144882961
145457508
148717611
150254006
150386843
150561166
151114190
151233196
151876087
153486634
154091684
154112909
154329115
154577625
155419807
155990526
156706708
156970157
157352670
158461227
159968630
161555653
163882387
164048103
166870400
168240617
169902419
170023005
170196960
171310284
172373132
172897310
173364548
174282649
174300472
176036214
177038510
178870268
179506947
179817490
179941894
180073068
181310225
181358896
182226866
183286554
184680549
184826239
185818836
186415569
187299525
188983861
189333078
190505211
192124592
192847494
193898856
194659227
194680003
194756395
195004550
195055897
195518472
195901987
197105625
197871165
198042494
198703349
198813213
199531402
202857286
205432033
207807223
208440005
208892827
208989798
209033921
209149607
209221826
209648680
210361988
212506594
215073202
216150493
216275930
216409897
216814332
217129478
220032526
220179141
220349311
221545570
221597182
222149838
222269820
222913281
223430371
227622761
228281919
228348565
230173495
230302965
231162567
231298303
232127041
232414054
232446391
232636143
232770707
232879741
234949935
235803421
236215973
236340528
236517352
237638687
237642629
239668245
239835268
240098638
241374879
245081606
245642343
245939136
246039636
246749948
246986296
247906342
248139651
248828357
250232705
250873343
251140354
255480676
256044643
257701663
257745557
259895750
260352493
260647876
261319397
262006525
262147983
262508487
264825949
264867166
265494018
266353363
266983080
267955147
270115922
270126679
270433569
270805147
272340441
272421757
274004171
274665144
274766404
276623324
277216175
277529706
277696760
277766181
277798315
278638452
278978085
279654664
281400957
281663110
282137570
282371408
282641981
283783930
284339471
284880519
285941867
286032179
286052291
286343265
286636351
287386882
287797916
288243858
288334678
288382742
292458095
293467739
296163807
297584752
298428243
299185430
299502561
301466580
303406350
304207538
304554846
304942160
305072930
306842535
307110655
307492791
309656411
311077125
311662035
312376014
314534083
314658043
315896354
316067799
316122340
317092148
318278990
318911534
319680613
319695647
321016489
321889021
321896116
322248948
323543147
324283007
325419345
326278544
327806876
328375260
329553591
330897751
331294401
332538422
333075217
335977161
336789725
336882453
337316857
338708571
339186799
339606329
340139716
340302756
340555909
341026514
341306954
341438575
342296617
343333339
343585767
344285155
344850503
344995241
345559797
346607350
346904544
347968100
348573382
348725338
350033143
351103686
352080027
352107141
352975667
354538089
355876671
357470409
358591834
358597990
359393422
359877416
360728324
360887949
360894429
360969959
361808612
364812256
365276579
365790277
366219636
366375436
367490018
368163456
368833438
373840777
374966480
375757786
376672164
377521760
378313295
379393263
380574973
381027757
381710812
381944156
383069703
383297400
383741895
383981989
384374061
384561580
384986820
385205627
386151135
386596371
387743337
390372572
392872173
393634578
394140489
397537602
398860588
399029006
399053643
399348378
399421621
400312934
400425645
401820145
402937331
403068223
403372343
403996225
404065343
405023164
405278326
407524588
407550318
410063785
411417294
411707416
411771054
413405164
413919702
414584218
414991803
415461948
416661676
417092787
417559463
417706919
420086170
421106009
421372208
423022306
423166880
424239186
425520938
427051505
429821996
431202426
432668078
432948783
434635529
434970679
436623346
437390529
437543453
437678244
437740341
439182587
439316917
439398294
439786865
440842136
441174253
442818376
443066771
443280370
444056815
444270381
445595687
446062202
446899882
447839305
449021210
451692711
451740525
452105347
452522254
453140370
453739597
453856060
454496314
455517441
456070838
456108152
456835994
457339503
457478566
457732282
457908008
458826640
460264624
460383986
461042956
462103263
465457465
466072739
466264616
466650143
467427555
470186395
472936097
473502341
473512468
473967351
473977204
474361611
474500358
474629978
475058568
475346020
475423191
476001857
476022712
478608388
478663876
480367624
481381620
482599722
482943828
483909778
485042934
485319875
486112475
486979112
487151375
487466543
488014299
488229309
489553835
491923105
492229032
492733251
492736369
493815474
494322606
495547753
495824285
496124775
499670587
500557916
501056413
501207462
501632158
501686999
503417321
503488720
503993966
504222458
504244419
504699749
505842517
506922521
507488142
508220403
509011144
510069518
512591540
512923982
513075323
513453461
513779880
514802843
515410630
515899244
516413818
522452840
523874384
524374194
524403219
527687937
531541121
532450544
534359181
534827520
536137187
536300932
536445599
536767741
537267719
539026544
539107979
542375122
543712696
544276483
545041397
545936595
546440054
546557851
547982924
548418877
549227999
550007435
550042495
550075345
551105956
552435467
552758043
552785396
552829035
554877593
555402647
555549854
556244233
556546393
557017696
557115394
557230813
557492012
558820228
559196637
559459019
559748327
560156882
560937204
562576032
563084778
563649306
563842816
564082371
564488540
564769027
564800821
565297821
566199754
566672951
571479475
571556254
572182587
572614315
573020429
573103569
574234413
574254996
574334695
574422107
574694923
575608989
576003778
576830437
577064207
577686739
577698488
577824245
578033514
578612936
578904563
579213459
580827530
581769057
582201308
583208382
584917627
585216031
585290865
586189441
586686213
588434800
589071177
589855345
589894384
590585993
590686041
592117560
592217622
592232790
592517448
592681382
593953973
595144604
596018460
596164146
599292664
599479857
600007965
600441985
601007098
602893068
603374355
603996916
604885708
605161756
605732087
606320222
606398707
606989174
607911014
608410536
608510378
608903811
608989823
609175134
609258133
609327802
612152428
612459443
613619853
614016363
614429530
614651212
615009610
615180372
615455814
616146499
616274643
617273334
617276863
617427523
618156603
618472851
618533973
618630529
622127995
622297078
622361207
622446528
623711761
625317395
625333358
629932905
630778501
631294911
633496525
636450833
637401819
639492950
639511793
639769795
641863548
641931119
644806895
644953244
646295660
647105286
648572081
652742352
653452904
655321808
655435850
655469837
657216821
659168184
660844714
661398580
662450999
662451427
662452698
662555485
662773029
662918805
667046413
667881676
668062987
668602025
670241510
673438018
675208937
675330702
676194959
676828149
676919999
678219727
679181430
679477459
679810375
680412707
680477668
681331570
682742376
682804353
683038618
683344883
683992973
684143018
684521439
686557133
687692499
687711984
690166553
690801451
691138945
692739508
694231080
694249277
694281696
695107067
697278198
697617668
699079335
699323241
700234246
700241109
700724600
700960806
702337250
702426801
703629288
704217704
704228000
704232067
704233210
704246365
704416046
704685013
705830931
706160952
706819639
706871341
706897874
706912919
707328979
707531856
708040690
708303664
708539144
708736939
709960347
709979695
710096481
710234791
711726754
715804085
716714986
717804369
718600225
719004176
720517847
722518041
722526768
723038076
723222477
723503095
728215772
728784074
729206580
730132290
730903043
732511406
733094261
734330654
737587284
738671588
739187331
739440226
739586766
739766712
739788577
740301668
741031377
741379469
741724916
741866593
742892120
743159315
743357986
743467368
743761107
743938503
748001187
748004501
748401463
749501907
749672424
750622173
754664738
756358516
756709928
757056112
758743595
759907121
762630375
763606139
764108011
766377205
766426984
766575003
766980427
766980491
766981506
767196651
767852461
771574211
773206072
774159082
775036545
775076512
775614520
777504821
777794473
779704192
781352578
782733888
782819853
784622818
785020260
787225592
787317705
787632901
788711965
789943565
791604850
791943219
792460864
792550930
794876549
795025572
795238260
795985115
796322185
796791024
798061762
799167419
799328338
800816347
802055009
802522358
804354047
804444144
805566837
808120318
811004678
811009757
811860423
812555518
814045477
814071612
814479189
815890054
816644849
817126944
817971549
818557433
818571124
818629874
818945069
819765199
820315346
820479712
821181301
821885767
823742652
823932034
824475457
825378943
825416272
825496594
826750037
827148196
827866476
828034767
828158524
828384887
828396321
828489663
828828271
829095175
829646870
829730770
830668377
831746162
832853407
833026774
833077174
834338599
834654201
834696920
834919566
834957167
835187755
835936181
836505298
836702078
837766430
839999468
841168842
842014934
843167921
844314037
844465448
845707460
845810983
845936386
846118142
846123418
847524002
847593896
847734284
847806286
847858800
847938925
848096491
848497863
848655796
848842628
849031494
849209469
849792776
849823751
849971454
849998636
850608824
851049546
853583305
856864876
856867007
857614041
857730973
860438093
860637222
862291487
862299001
862359406
862949374
863110019
863926126
869112490
870191329
870642753
872600664
873194463
875728579
876772598
878198647
880231145
882080782
882368347
887663551
888173727
892211245
948653616
1019458161
1033265013
1035754771
1036580292
1072230238
